6
13
15
16
18
19
22
23
24
25
38
45
46
47
49
50
51
52
53
56
57
59
60
63
64
65
66
67
68
69
72
75
76
77
78
81
82
83
84
85
86
87
89
90
91
94
95
97
98
99
101
102
103
104
106
107
109
110
111
112
117
121
122
126
127
128
130
131
132
133
135
138
139
141
142
144
145
146
148
149
153
155
159
161
162
163
164
166
168
170
172
174
175
177
178
179
182
184
185
186
188
191
192
194
196
197
199
201
202
204
206
207
208
209
210
211
212
224
227
232
233
235
237
238
252
255
256
257
258
261
263
264
265
266
267
270
271
272
275
277
281
283
284
285
286
287
289
290
291
293
295
298
300
304
305
306
308
311
314
316
317
322
325
328
329
330
332
333
334
341
342
343
344
345
348
351
352
354
355
356
357
358
359
360
361
362
363
364
365
366
367
368
369
370
371
372
373
375
376
377
378
379
380
381
382
383
385
386
387
388
389
390
391
392
393
394
395
396
397
398
399
401
402
403
404
405
406
407
409
411
412
413
414
415
416
417
420
421
422
424
425
426
428
429
430
431
432
433
434
436
437
438
439
440
442
443
444
446
447
448
449
450
451
452
453
454
455
456
457
458
459
460
461
462
463
464
465
466
467
468
469
470
471
472
473
474
475
476
477
478
479
480
481
482
483
484
485
486
487
488
489
490
491
492
493
494
496
498
500
501
502
503
504
505
506
508
509
510
511
512
513
516
517
518
519
520
521
522
523
524
525
526
527
528
529
530
531
532
533
535
536
537
538
539
540
542
543
544
545
546
549
550
551
552
554
555
556
557
558
559
560
561
562
564
565
566
567
568
569
570
571
572
573
574
575
576
577
578
579
580
581
582
583
584
585
586
587
588
589
590
591
592
593
594
595
596
597
599
601
602
603
604
605
606
608
609
611
612
613
614
616
617
620
621
622
623
624
625
627
631
632
633
634
635
637
639
640
641
650
651
652
653
655
656
657
658
659
660
661
663
664
665
666
668
669
670
671
672
673
674
675
676
678
680
681
682
683
684
685
686
688
689
690
691
692
693
694
696
697
698
700
702
703
704
705
706
707
708
710
711
712
713
714
715
718
719
720
721
722
723
724
725
726
727
728
729
730
732
733
734
737
738
739
740
743
744
746
747
748
749
750
751
752
753
754
755
756
757
758
759
760
761
762
763
764
765
766
770
771
772
774
775
777
780
781
782
783
784
785
786
787
790
791
792
793
794
795
797
798
799
801
802
804
805
806
808
809
810
812
813
814
815
816
820
821
822
823
824
825
826
827
828
831
833
834
835
836
837
838
839
840
841
842
843
844
845
847
850
852
853
854
855
857
858
859
860
861
862
864
866
867
868
869
870
871
872
873
874
875
876
877
878
879
880
882
884
887
888
889
890
891
892
894
895
896
897
898
899
900
901
903
904
905
906
907
908
909
911
912
913
914
917
918
919
920
921
923
924
925
926
927
928
929
930
932
933
934
935
936
938
939
940
941
945
946
948
950
951
955
958
959
961
962
963
964
965
970
971
972
975
980
981
982
983
985
986
987
989
991
992
995
996
997
1004
1005
1006
1007
1008
1010
1012
1013
1014
1015
1016
1017
1018
1021
2001
2003
2005
2006
2021
2023
2024
2025
2026
2027
2029
2031
2032
2034
2036
2037
2038
2041
2045
2046
2047
2049
2051
2052
2053
2054
2055
2061
2062
2063
2064
2065
2067
2068
2069
2070
2072
2073
2075
2078
2081
2082
2084
2085
2086
2087
2088
2089
2090
2091
2093
2094
2095
2097
2098
2105
2107
2108
2109
2110
2111
2112
2113
2114
2115
2117
2118
2119
2120
2121
2122
2123
2124
2125
2126
2128
2129
2130
2131
2132
2133
2134
2137
2138
2139
2141
2143
2144
2147
2148
2151
2155
2156
2157
2158
2159
2160
2161
2166
2168
2171
2174
2176
2177
2178
2180
2183
2184
2185
2186
2187
2189
2190
2191
2192
2194
2196
2197
2198
2200
2201
2204
2206
2207
2208
2209
2210
2211
2212
2213
2214
2215
2216
2217
2218
2221
2223
2224
2225
2226
2228
2230
2231
2236
2237
2241
2242
2244
2245
2246
2248
2252
2253
2254
2255
2256
2258
2261
2262
2263
2264
2266
2267
2268
2270
2272
2273
2274
2275
2276
2277
2279
2280
2281
2283
2284
2286
2288
2293
2294
2295
2296
2297
2299
2302
2304
2306
2307
2310
2312
2313
2314
2315
2316
2317
2318
2319
2320
2321
2322
2323
2324
2325
2326
2331
2332
2333
2334
2336
2337
2338
2339
2341
2348
2352
2353
2354
2355
2356
2357
2362
2369
2377
2378
2380
2381
2387
2388
2389
2390
2391
2398
2400
2401
2402
2403
2404
2405
2406
2410
2411
2413
2414
2415
2417
2418
2419
2420
2421
2422
2424
2426
2427
2428
2429
2435
2436
2437
2438
2440
2444
2445
2446
2447
2448
2451
2452
2455
2456
2459
2460
2461
2462
2463
2464
2465
2466
2469
2472
2473
2474
2476
2477
2478
2479
2480
2481
2482
2484
2485
2486
2487
2488
2489
2490
2491
2492
2493
2494
2495
2496
2497
2499
2500
2501
2502
2503
2505
2506
2507
2510
2511
2512
2514
2515
2517
2518
2519
2520
2521
2522
2523
2524
2525
2526
2527
2530
2531
2532
2533
2534
2535
2536
2537
2538
2539
2540
2541
2542
2543
2544
2545
2549
2551
2556
2557
2560
2561
2562
2563
2564
2565
2566
2567
2568
2569
2571
2572
2573
2574
2575
2577
2578
2579
2580
2581
2583
2584
2587
2588
2590
2594
2597
2598
2599
2600
2601
2602
2603
2604
2605
2606
2607
2608
2609
2610
2611
2612
2613
2614
2615
2617
2619
2622
2623
2625
2628
2629
2638
2639
2640
2641
2642
2646
2647
2649
2653
2656
2658
2659
2660
2664
2665
2670
2673
2676
2677
2678
2679
2680
2681
2682
2683
2684
2685
2699
2700
2701
2703
2706
2707
2708
2709
2711
2714
2716
2717
2718
2719
2720
2721
2722
2723
2724
2725
2726
2727
2728
2729
2730
2731
2732
2733
2734
2735
2736
2737
2738
2739
2740
2741
2742
2743
2744
2745
2747
2748
2749
2750
2751
2752
2753
2754
2755
2758
2759
2760
2761
2762
2763
2764
2765
2766
2767
2768
2769
2770
2771
2772
2774
2775
2776
2778
2779
2781
2782
2784
2785
2786
2787
2788
2789
2791
2794
2800
2801
2802
2805
2806
2809
2810
2813
2828
2829
2830
2831
2832
2833
2834
2835
2836
2837
2838
2839
2840
2841
2842
2843
2844
2845
2846
2847
2848
2852
2854
2855
2857
2858
2859
2860
2863
2865
2867
2869
2870
2871
2875
2883
2884
2885
2886
2887
2888
2889
2890
2891
2892
2893
2895
2896
2897
2898
2900
2901
2902
2903
2905
2908
2909
2916
2917
2922
2923
2927
2941
2943
2944
2945
2946
2947
2948
2949
2950
2951
2952
2953
2954
2955
2956
2957
2958
2962
2963
2964
2966
2967
2968
2970
2973
2974
2976
2980
2981
2982
2984
2985
2986
2987
2988
2989
2990
2991
2992
2993
2994
2995
2997
2998
2999
3000
3002
3003
3004
3006
3008
3010
3013
3014
3015
3016
3017
3018
3020
3021
3022
3023
3024
3025
3026
3027
3028
3029
3030
3034
3035
3036
3038
3040
3041
3043
3045
3047
3048
3049
3050
3052
3053
3054
3059
3060
3061
3062
3063
3064
3065
3066
3067
3068
3069
3070
3071
3072
3073
3074
3075
3076
3077
3078
3079
3080
3081
3082
3083
3084
3085
3086
3087
3088
3089
3091
3092
3094
3095
3096
3097
3098
3099
3100
3101
3102
3103
3104
3105
3108
3109
3112
3113
3114
3118
3119
3120
3121
3124
3125
3126
3128
3131
3132
3134
3136
3137
3146
3148
3149
3150
3154
3155
3156
3157
3158
3160
3164
3169
3170
3171
3174
3175
3176
3177
3178
3179
3180
3181
3182
3183
3185
3189
3190
3191
3192
3193
3195
3196
3197
3198
3201
3202
3203
3204
3205
3206
3207
3209
3210
3211
3212
3213
3214
3215
3216
3217
3219
3220
3226
3227
3230
3231
3232
3234
3235
3237
3238
3239
3241
3242
3243
3246
3248
3250
3251
3252
3253
3255
3257
3261
3263
3264
3265
3267
3268
3269
3270
3272
3273
3275
3276
3277
3279
3283
3284
3286
3290
3292
3293
3294
3298
3300
3301
3302
3306
3307
3309
3310
3311
3312
3314
3320
3321
3322
3324
3326
3328
3335
3339
3341
3342
3343
3345
3346
3347
3349
3350
3351
3352
3355
3358
3359
3360
3361
3363
3364
3366
3368
3369
3372
3373
3377
3381
3382
3384
3385
3394
3395
3396
3397
3398
3401
3402
3406
3407
3408
3411
3412
3413
3414
3415
3416
3417
3418
3419
3420
3421
3422
3423
3425
3426
3427
3428
3429
3430
3432
3434
3435
3440
3441
3442
3443
3444
3445
3446
3447
3448
3449
3450
3451
3452
3453
3454
3455
3456
3457
3460
3461
3462
3463
3464
3465
3466
3467
3468
3469
3471
3472
3474
3475
3476
3477
3478
3479
3480
3481
3483
3486
3490
3491
3493
3497
3498
3502
3504
3505
3508
3509
3511
3514
3516
3518
3521
3524
3525
3526
3528
3529
3530
3531
3533
3535
3537
3538
3545
3546
3547
3553
3554
3556
3557
3562
3564
3565
3570
3572
3574
3575
3576
3580
3581
3582
3584
3586
3589
3591
3594
3607
3608
3609
3611
3612
3613
3614
3615
3616
3617
3618
3620
3622
3623
3624
3627
3628
3630
3631
3632
3633
3634
3636
3637
3640
3644
3646
3648
3652
3657
3658
3660
3661
3662
3664
3665
3668
3669
3672
3673
3676
3677
3679
3680
3682
3683
3684
3685
3690
3691
3692
3693
3695
3697
3698
3699
3700
3704
3706
3707
3708
3710
3711
3712
3714
3717
3720
3726
3730
3731
3732
3733
3735
3736
3737
3739
3740
3741
3742
3744
3745
3751
3754
3755
3756
3757
3758
3763
3767
3769
3776
3777
3779
3780
3781
3782
3783
3785
3786
3789
3791
3792
3793
3794
3795
3797
3800
3801
3802
3805
3807
3808
3809
3812
3817
3820
3821
3827
3828
3829
3844
3846
